10
   0  50  43  26  55  50  13   5  49  55
  50   0  42  33   8  21  41  47   1  89
  43  42   0  52  32  12  23  1  52  96
  26  33  52   0   5  43  1  52  49  95
  55   8  32   5   0  1  56  26  43  92
  50  21  12  43  1   0  29  35  46  88
  13  41  23  1  56  29   0  27  45  99
   5  47  1  52  26  35  27   0  15  88
  49   1  52  49  43  46  45  15   0  88
  55  89  96  95  92  88  99  88  88   0
ABABABABABABABABABAB

